TOUGH3-FLAC3D MC fault FEAR1 stimulation model                          
ROCKS----1----*----2----*----3----*----4----*----5----*----6----*----7----*----8
ROCKS    1    2620.0    0.0175   1.0e-17   1.0e-17   1.0e-17       4.0     790.0
    1.0e-9                 3.2                                                            
CORER    1    2620.0    0.0240   6.0e-15   6.0e-15   6.0e-15       4.0     790.0
    1.0e-9                 3.2                                                            
COREM    1    2620.0    0.0200   3.0e-15   3.0e-15   3.0e-15       4.0     790.0
    1.0e-9                 3.2                                                            
COREL    1    2620.0    0.0200   3.0e-15   3.0e-15   3.0e-15       4.0     790.0
    1.0e-9                 3.2                                                            
INTEL    1    2620.0    0.0270   3.5e-14   3.5e-14   3.5e-14       4.0     790.0
    1.0e-9                 3.2                                                            
INTER    1    2620.0    0.0270   3.5e-14   3.5e-14   3.5e-14       4.0     790.0
    1.0e-9                 3.2                                                            
INTEM    1    2620.0     0.030   6.0e-14   6.0e-14   6.0e-14       4.0     790.0
   7.5e-10                 3.2                                                                               
INJEC    1    1000.0      0.99   1.0e-10   1.0e-10   1.0e-10       0.6    4186.0
    7.5e-9                 3.2                                                            
FRONB    1    2620.0    0.0175   1.0e-16   1.0e-16   1.0e-16       4.0    1.0e55
    1.0e-9                 3.2                                                            
BACKB    1    2620.0    0.0175   1.0e-16   1.0e-16   1.0e-16       4.0    1.0e55
    1.0e-9                 3.2                                                            
LEFTB    1    2620.0    0.0175   1.0e-16   1.0e-16   1.0e-16       4.0    1.0e55
    1.0e-9                 3.2                                                            
RIGHB    1    2620.0    0.0175   1.0e-16   1.0e-16   1.0e-16       4.0    1.0e55
    1.0e-9                 3.2                                                            
TOPPB    1    2620.0    0.0175   1.0e-16   1.0e-16   1.0e-16       4.0    1.0e55
    1.0e-9                 3.2                                                            
BOTTB    1    2620.0    0.0175   1.0e-16   1.0e-16   1.0e-16       4.0    1.0e55
    1.0e-9                 3.2                                                            

MULTI----1----*----2----*----3----*----4----*----5----*----6----*----7----*----8
    2    2    2    6                                                            
START----1----*----2----*----3----*----4----*----5----*----6----*----7----*----8
PARAM----1-MOP: 123456789*123456789*1234----*----5----*----6----*----7----*----8
    9999    99991     1  02 1  4 0  8                                           
       0.0 3.1557e12     1.0e3     1.0e8                9.81       4.0          
    1.0e-5                                                                      
           6800000.0                 0.0                19.4                    

MOMOP----1----*----2----*----3----*----4----*----5----*----6----*----7----*----8
                1                                                               

OUTPU----1----*----2----*----3----*----4----*----5----*----6----*----7----*----8
6                                                                               
COORDINATE                                                                      
INDEX
ABSOLUTE                                                                        
POROSITY                                                                        
PRESSURE                                                                        
TEMPERATURE
ENDCY----1----*----2----*----3----*----4----*----5----*----6----*----7----*----8
