TOUGH3-FLAC3D MC fault FEAR1 stimulation model                          
ROCKS----1----*----2----*----3----*----4----*----5----*----6----*----7----*----8
ROCKS    1    2620.0    0.0175   1.0e-17   1.0e-17   1.0e-17       4.0     790.0
    1.0e-9                 3.2                                                            
CORER    1    2620.0    0.0175   1.0e-17   1.0e-17   1.0e-17       4.0     790.0
    1.0e-9                 3.2                                                            
COREM    1    2620.0    0.0175   1.0e-17   1.0e-17   1.0e-17       4.0     790.0
    1.0e-9                 3.2                                                            
COREL    1    2620.0    0.0175   1.0e-17   1.0e-17   1.0e-17       4.0     790.0
    1.0e-9                 3.2                                                            
INTEL    1    2620.0    0.0175   1.0e-17   1.0e-17   1.0e-17       4.0     790.0
    1.0e-9                 3.2                                                            
INTER    1    2620.0    0.0175   1.0e-17   1.0e-17   1.0e-17       4.0     790.0
    1.0e-9                 3.2                                                            
INTEM    1    2620.0     0.030   6.0e-14   6.0e-14   6.0e-14       4.0     790.0
   7.5e-10                 3.2                                                                               
INJEC    1    1000.0      0.99   1.0e-10   1.0e-10   1.0e-10       0.6    4186.0
    7.5e-9                 3.2                                                            
FRONB    1    2620.0    0.0175   1.0e-16   1.0e-16   1.0e-16       4.0    1.0e55
    1.0e-9                 3.2                                                            
BACKB    1    2620.0    0.0175   1.0e-16   1.0e-16   1.0e-16       4.0    1.0e55
    1.0e-9                 3.2                                                            
LEFTB    1    2620.0    0.0175   1.0e-16   1.0e-16   1.0e-16       4.0    1.0e55
    1.0e-9                 3.2                                                            
RIGHB    1    2620.0    0.0175   1.0e-16   1.0e-16   1.0e-16       4.0    1.0e55
    1.0e-9                 3.2                                                            
TOPPB    1    2620.0    0.0175   1.0e-16   1.0e-16   1.0e-16       4.0    1.0e55
    1.0e-9                 3.2                                                            
BOTTB    1    2620.0    0.0175   1.0e-16   1.0e-16   1.0e-16       4.0    1.0e55
    1.0e-9                 3.2                                                            

FLAC ----1----*----2----*----3----*----4----*----5----*----6----*----7----*----8
    0    2    7                                                                 
         1       0.0                                                            
    3            0.0                                                            
         0       0.0                                                            
    3            0.0                                                            
         0       0.0                                                            
    3            0.0                                                            
         0       0.0                                                            
    3            0.0                                                            
         0       0.0                                                            
    3            0.0                                                            
         0       0.0                                                            
    3            0.0                                                            
         0       0.0                                                            
    3            0.0                                                            
         1       0.0                                                            
    3            0.0                                                            
         1       0.0                                                            
    3            0.0                                                            
         1       0.0                                                            
    3            0.0                                                            
         1       0.0                                                            
    3            0.0                                                            
         1       0.0                                                            
    3            0.0                                                            
         1       0.0                                                            
    3            0.0                                                            
         1       0.0                                                            
    3            0.0                                                            

MULTI----1----*----2----*----3----*----4----*----5----*----6----*----7----*----8
    2    2    2    6                                                            
START----1----*----2----*----3----*----4----*----5----*----6----*----7----*----8
PARAM----1-MOP: 123456789*123456789*1234----*----5----*----6----*----7----*----8
    9999    99991     1  022   4 0  8                                           
       0.0   90000.0       1.0                          9.81       4.0          
    1.0e-5                                                                      

MOMOP----1----*----2----*----3----*----4----*----5----*----6----*----7----*----8
                1                                                               
TIMES----1----*----2----*----3----*----4----*----5----*----6----*----7----*----8
   47                                                                           
       0.0    3600.0    7200.0   10800.0   14400.0   18000.0   21600.0   25200.0
   28800.0   32400.0   36000.0   39600.0   43200.0   46800.0   50400.0   54000.0
   57600.0   61200.0   64800.0   68400.0   72000.0   75600.0   79200.0   82800.0 
   86400.0   90000.0   93600.0   97200.0  100800.0  104400.0  108000.0  111600.0
  115200.0  118800.0  122400.0  126000.0  129600.0  133200.0  136800.0  140400.0
  144000.0  147600.0  151200.0  154800.0  158400.0  162000.0  165600.0

RESDT----1----*----2----*----3----*----4----*----5----*----6----*----7----*----8
    4    1
       0.0     400.0    7600.0   36400.0
     360.0     360.0    3600.0    3600.0

FOFT
ASX79

GENER----1----*----2----*----3----*----4----*----5----*----6----*----7----*----8
BWA59                        3     COM11                                        
           0.0         400.0      200000.0                                      
          0.00          1.20          1.20                                      
       78170.0       78170.0       78170.0                                      

OUTPU----1----*----2----*----3----*----4----*----5----*----6----*----7----*----8
7                                                                               
COORDINATE                                                                      
INDEX                                                                           
ABSOLUTE                                                                        
POROSITY                                                                        
TEMPERATURE                                                                     
PRESSURE                                                                        
GENERATION                                                                      
ENDCY----1----*----2----*----3----*----4----*----5----*----6----*----7----*----8
